fold = 1
rk = 2
theta = 1.500000
tfinal = 1.000000
cfl = 0.400000
cpi = 0.000000
spi = 1.000000
tsi = 0.000000
domain = 1.0 10.0
dx =  1e-3
bc = ff
sp = 0 1 2 3
ts = 
outdir = .
method = plm
setup = wind
coords = spherical
